-1.966558057095147694e-01 -1.139773855225164612e-01 -5.306238406631148818e-02
4.257463397079271350e-01 -4.488959830004014551e-01 2.649575334061243237e-01
5.555357567920660156e-01 -3.714060234128738758e-01 1.624213377201129127e-01
-1.879197424259015092e-01 7.012590694478483544e-02 3.126969489006747316e-01
3.055742549246097672e-01 3.002298875206443896e-01 -1.839812716056642150e-01
4.025094107320513204e-01 2.966118546274916154e-02 -3.864329533849807097e-02
-1.829376889242234627e-01 -5.342594269017303388e-02 -4.815757985596893498e-01
-2.425008107127808177e-01 -6.149584270752566084e-01 -8.675950754895950245e-02
6.066615168244344769e-01 4.462008890097510228e-02 -7.311991771372390592e-02
9.247204026774188956e-03 -1.377066667910802622e-01 2.739425898302472184e-01
-2.902655439290589556e-01 -5.645845616261094962e-02 -2.903534080062911138e-01
-4.803233006138491468e-01 4.016000771627734056e-02 -1.664934597476875333e-01
2.607508693181885273e-01 1.261494170419137639e-02 2.752211943307844924e-02
-8.004488596794196234e-03 -6.108835088304355107e-03 -4.549100215770317951e-02
4.657566386541646120e-01 -6.090253675098462605e-01 5.064192510260642210e-01
-1.571498711005960220e-03 1.832069990938937076e-01 1.639769288551057580e-01
3.024187412211453152e-01 -1.672113485240094288e-01 6.952717391706490779e-02
-3.814311098313164505e-01 1.371113933340363522e-01 2.012579348040570426e-01
1.796899847566763853e-01 1.479877279479199503e-01 -1.243258833092387022e-01
-7.675728041953416847e-02 6.678540149487749433e-02 -3.492178150447020762e-02
-7.118872698700173286e-03 -2.643871931741071345e-03 -3.325619131061642308e-01
1.781676284815390254e-01 -3.757691696951579452e-01 -2.888364645914472950e-01
-4.102521540247787424e-02 1.038979487630373594e-01 2.498052115246988392e-01
4.893063288539541422e-01 3.103296121488711146e-01 -3.126238770221770324e-01
-5.325394852278019231e-01 -3.701369356691559531e-01 -5.132643249145598663e-01
-4.912985083275603904e-01 9.629774218632398963e-02 -3.632993689535051751e-01
7.738364668718207551e-02 -5.973071616144707274e-01 -3.657146169506524935e-01
2.044939215208911587e-01 -4.742552523626155092e-01 -5.873163029442794031e-02
2.523913876799602218e-02 -3.237547573394220501e-01 2.518026266641582023e-01
-1.604008237567096096e-01 2.750399129968896794e-01 -7.713061048265347219e-01
-3.605627104961949270e-01 -4.515166673202302694e-01 7.029821566463032023e-02
3.674835868981063403e-01 -1.097825474677157492e-01 9.024754001146404470e-01
4.376527242076000968e-01 -4.692961709841079188e-01 5.775709114441434505e-02
3.483424329457973090e-01 -1.385356544687182112e-01 1.333350337199190050e-01
2.399930473212953108e-01 -5.913626237969287214e-01 3.182940530977320659e-01
-4.042257219794805133e-04 1.450222975738940934e-01 -6.435809449260287973e-01
-4.983855977146079974e-01 1.643913742778641551e-01 1.137907081813119836e-01
1.549867850579219331e-01 2.485594769459056885e-01 -4.352958256726024433e-01
-2.575053886736696288e-02 -1.900218199522353546e-01 -3.621392493333295826e-01
-3.075874152197877187e-01 -5.918133880441015654e-02 -5.424103012382400779e-01
-2.631309150085133775e-01 -4.807550227766248241e-02 -3.085893862977122093e-01
1.349544050664335491e-02 4.081465521237956362e-02 1.441379874553270872e-02
1.923609845448660538e-01 2.694342891918715122e-01 1.960647143010448290e-01
-2.763527140611211214e-02 2.380719679861741656e-01 7.661057637021417843e-01
2.262653585323519401e-01 -1.990967340439005751e-01 1.879116475513660511e-02
3.905163649216105565e-02 -1.290487598824338958e-02 2.028553083618860609e-01
-6.514353130162620076e-01 6.881874261176990082e-02 1.195034013342037571e-01
8.270297826152612775e-01 1.625176666690284766e-01 4.426741241567281465e-02
-1.264665910068817900e-01 -6.717587224532599322e-02 4.771496127073894811e-01
7.524845698609623490e-01 1.963602302951227008e-02 1.035430767574471722e-01
1.015920395033263618e-01 -1.896574791485642064e-01 -1.043818686641411336e-01
3.848237892955551631e-01 5.465764482024001308e-02 -6.523887845004792962e-02
3.251338963786837288e-01 1.149787453526669168e-01 -8.295270484249357701e-02
-3.223327727615190458e-02 3.504646803319022563e-03 1.569949625003398130e-01
-5.155373619878319547e-01 -3.708664245896717282e-01 1.312152676495916825e-01
6.184549732663876531e-01 6.671291767525978633e-01 5.452517611917376966e-02
1.773954513630802698e-01 7.703621091076645611e-02 1.447699845482843528e-01
-4.861294203339022180e-01 -1.831319155639061780e-01 -1.207324924087517792e-01
4.234389070501817787e-01 1.137227395182996564e-01 1.010747223649116448e-02
1.939648637955302679e-01 2.754071371193021478e-01 -2.289647437100293115e-01
-7.169332763780567053e-02 2.471802885677513439e-01 -2.285755581700224526e-02
5.578744722316603122e-01 2.392014303326654712e-01 -6.587375255659337625e-02
-3.369903532576236649e-01 -1.536747256819412377e-01 1.307666591656352906e-01
1.837540584486677120e-01 2.678731624856634519e-01 2.274056126330837035e-01
1.767394481914979013e-02 -3.213934802087597409e-01 1.553201402424792266e-01
7.241596480395159907e-02 -2.130766351274464010e-01 -1.840337706404563123e-01
4.685149537706688183e-01 2.167997413221478265e-01 -2.078237569747208857e-01
5.284338809445737056e-02 -8.627647771242523411e-02 -8.534811454763188698e-02
2.715628020312546020e-01 -2.088197302049911164e-01 4.823685720611293193e-01
-3.567110733244566873e-02 -1.251781733559858764e-02 6.945980732656745205e-03
3.407653471035269610e-01 -1.608904416920782787e-01 4.789115007877631780e-01
-3.453105011040933925e-01 -2.078739203655224632e-01 -5.431739640915655976e-01
-3.979771673843622293e-01 8.586082216945271073e-01 3.498484998214880792e-01
2.674116138808832477e-01 -1.397748451904487488e-01 1.933357793831080515e-02
-8.769665279956550402e-03 4.209115222079263807e-01 -2.113013787134135624e-01
1.435078076194258312e-01 -1.376482231092928110e-01 4.553147388729168049e-02
4.300906781601443463e-02 4.507303610245604886e-01 -9.580988270958905317e-02
1.185691029928483547e-01 3.585128562041454137e-01 -5.214331808027798942e-01
1.610930810682777419e-03 4.858402412384207336e-01 4.889692842710469667e-01
-7.154271102540779581e-02 -2.159892451637731858e-01 8.106891092685232503e-02
-3.601633426259849557e-02 -1.986060446909308774e-01 -4.178046677081898030e-01
1.814079128003275379e-02 -8.140098953058005904e-02 -1.841957989563649256e-01
-9.263406058088505257e-02 1.754096903736779289e-01 1.449888850944323071e-01
3.235020699744241973e-02 1.116092389043264188e-01 4.061563570989089149e-03
3.991406840762253272e-01 3.383640051367965973e-01 -2.385634510260619956e-01
-5.205755321520376677e-01 -7.792020127077455005e-02 3.051658234732267383e-01
-6.038782228029903054e-01 -6.495970936650605210e-02 -8.499974093957968213e-02
-2.266581420119282708e-01 -2.779684029149895874e-01 -3.240569526073946438e-01
2.034485593017692773e-01 4.287923020725303846e-02 -3.521102778993983468e-02
-1.339879920142824365e-01 1.154694717216267763e-01 -5.433705766083059274e-02
-6.320373628013979672e-02 9.970572460763528488e-02 4.240541811360310498e-01
9.877252434503445977e-02 1.601464057413264364e-01 -2.161811315066846373e-01
2.567726535883418926e-02 3.044854166441229859e-01 -1.543179829413137694e-01
-7.952606717939975089e-02 -1.101330885692960726e-01 2.660252782261596227e-01
-1.133659971555328466e-01 5.621101030153579092e-01 -5.261550650531764406e-01
1.055335772495922808e-01 4.996457392670397568e-02 -1.445560492576269118e-01
4.024760957289107988e-01 -1.094526329771286638e-01 -3.851968652772836399e-01
-1.061318195358064015e-01 -8.110027668633161824e-01 9.314398135565961356e-02
-1.894674364078113293e-01 3.067628239771822973e-01 2.118262467457402154e-01
-2.330218508113418019e-01 1.876136507180325708e-01 -3.738111216612614862e-02
-3.292488292053764032e-01 -4.516564195615954125e-01 2.829201834417460204e-01
-1.600555412373049491e-01 -1.765793108068198780e-01 6.921057667621633991e-01
-3.324143512983827597e-01 -2.728245376940549027e-01 1.899355440527225047e-01
7.787370248956323460e-01 -5.259105077668977182e-03 6.064749243751332841e-01
2.451393863542241647e-01 -3.063648100853962747e-03 1.457504822222755250e-02
-2.202867723348524154e-01 -3.076783009041840766e-01 -1.352559698849993830e-01
-3.784890835272094328e-02 1.130785496604714419e-02 -1.606567257127141865e-02
-1.157544647166952774e-02 -8.962368233763549907e-02 -5.304097365851355717e-01
3.552525801570695085e-01 -2.005529608448656242e-01 -1.232487475989278297e-01
-3.072790961282244604e-01 -1.094902176088401458e-01 2.125543540008092702e-01
-2.366765186987838943e-02 -4.710617862764612807e-01 6.721784142966003017e-01
3.992914623112630568e-01 9.994994071688918791e-02 -4.217873694278585078e-02
-3.521140207016635881e-01 -1.707642252786501502e-01 -2.390216177394577923e-01
-4.473827231267648585e-01 5.220096093591974906e-01 -3.448702652481002578e-02
2.528937864176876160e-01 -2.495494173552600392e-01 -2.196170570423602031e-01
-1.864387545703466986e-01 1.985013771561455198e-01 -1.965331027583251122e-01
9.101784603425716602e-02 1.229893620588925068e-01 -4.137455939041247144e-02
3.729836174275660277e-01 1.234317009501526702e-01 1.367168477966755613e-01
-2.918242672052068221e-01 2.884920524929190586e-02 2.912539120378710988e-01
-4.774640677362725349e-01 3.137304250863319488e-02 -4.668426967275066120e-02
-2.201591551755175957e-01 2.545915609860788797e-01 4.753336810838574844e-01
1.159667269279609364e-01 8.954238237521898458e-02 3.460565088158109592e-01
3.783084733143616263e-01 3.074742552362147441e-01 5.363518031915698314e-01
4.381181327924443258e-01 4.363122575682615856e-01 4.147192473452870343e-01
1.325471781284085215e-01 5.419073142526938947e-01 3.780924342625702206e-01
3.707285391801964924e-01 3.858151341919180410e-01 -9.332121815820948463e-02
5.887954777398112238e-01 -2.242068574199222175e-01 -1.846042194277708881e-01
-8.701165469329530389e-02 3.804582818384785181e-01 1.995911796358483814e-01
-1.805308588778633816e-01 -2.104592084154692788e-01 -7.174639855000438521e-03
8.200924004648940668e-02 6.233277587556173595e-03 6.805886592768635446e-02
-2.618281552366497067e-01 -3.616375389023536446e-02 6.027138970343531854e-02
-5.901229825868773565e-02 -9.601692551063090164e-02 -3.806700030832237125e-02
-3.945340519575667448e-01 1.517878418538899099e-01 -1.639130849671103229e-01
-4.495604847095479584e-01 1.509088730136677048e-01 1.237028530090332756e-01
4.020599536910492988e-01 7.946724121647757988e-02 -1.888908860958397606e-01
1.918250027028236548e-01 6.197095991559418982e-02 -1.190952259352974218e-01
-1.139292962449285074e-01 2.431567126534827650e-01 2.583204958266417384e-01
7.397875398356669185e-01 -3.096969871266922955e-02 5.804754445980815636e-02
-7.808865840846571094e-02 3.645098374342407022e-01 2.599390387748894415e-01
4.209674544676601515e-01 6.949560531209186820e-01 3.408038263126859646e-01
-1.912715357934655636e-01 -2.512215319770056965e-01 1.699642497745635084e-01
2.939736215917481688e-01 4.868203131984295551e-01 -4.080975397207296518e-01
-3.333898763736194981e-01 3.467591430629444749e-01 -6.870534293722132535e-01
5.449848426798216405e-02 2.330161685437120433e-01 -3.128675416714359336e-01
2.428062220404051397e-01 1.186251373873711545e-01 -5.109760059970215595e-02
-1.861689285162692817e-02 -1.957370488898958153e-03 1.084468383812610681e-01
3.129038426958361679e-02 -3.518358663231601069e-01 5.977715557502403382e-02
5.970360293615837449e-02 -3.412321987606484197e-01 4.780799193635590916e-01
1.916275669022153294e-01 -2.726166950321514681e-01 -1.829445554685180386e-01
2.576084850830556161e-01 8.514141054225524141e-02 4.195475264174324814e-01
-1.482884253639396854e-01 -3.735092529265807149e-01 -1.075863475840359712e-01
-3.894800078831175960e-01 1.349789190806039429e-01 -9.918586758565120509e-02
-9.129778488691187022e-02 2.268729531088333196e-01 -6.916841303130237817e-01
3.268370764487134594e-01 -1.358978617521936216e-01 3.399052824110003201e-01
-5.019235765685358119e-01 -5.904001920430382855e-01 5.145794479455737674e-02
8.857776995435651113e-01 1.769348491837722248e-01 -3.687416097898554845e-01
-2.854647105278620978e-01 5.878872571667675268e-02 -3.531913296599170082e-01
-1.781348567815110029e-01 -2.232370420094258873e-03 1.836390031980863757e-01
-3.454119840549279563e-01 5.555788740231594469e-02 -7.796147190332747279e-01
7.097621643001751635e-02 2.065473470949310275e-01 2.626402733427141145e-01
2.946570365055288243e-01 1.805724957148757415e-01 7.628109408850423101e-01
-2.816832340791196598e-01 7.550047108825715114e-02 1.951884645703213517e-01
3.009931682953851939e-01 4.745565058192137697e-01 -1.678334414465254831e-01
5.974350336241931320e-02 -2.008253587552513153e-01 -5.853660428975671071e-02
5.844244110295524486e-01 8.605046352650916330e-02 -7.436361524924182086e-03
-3.893262887118222881e-01 1.429895524189463418e-01 3.218900581547797235e-01
-1.842571608897861091e-01 -1.118369819049231523e-01 -3.233868014551077863e-01
2.109929048940332730e-01 -1.945671520491983608e-01 -5.991713509449786250e-03
-1.559804783272806805e-01 -9.532240491850352271e-02 1.752270185210199338e-01
-2.773188812420536165e-01 2.540786143137218622e-01 2.616726342032342223e-01
-4.484576947516192291e-01 -7.431861705470955703e-01 -4.006542766927148058e-01
-5.753603966797400382e-01 -5.081771812291620283e-02 -4.592287688159337744e-01
-1.287566713902364990e-01 -1.436491002115798110e-01 -1.376325032813867921e-01
4.726264579385462961e-01 2.998843221254939712e-02 -2.962279668982089054e-01
2.100276933761651421e-01 2.311182788295343959e-01 -4.587571472420093333e-01
-2.446140199733783105e-01 -4.705788575916600713e-01 -3.339414865917340047e-01
-2.097504452477700621e-01 4.322530572135344085e-01 3.180789625506263429e-01
1.224330437732394639e-01 3.483929716376282792e-01 -2.054197432664108258e-01
-2.733401496540692754e-01 -8.821494974628293906e-02 -8.488732284845764697e-01
-2.382945489180300080e-01 1.172985483869319785e-02 7.582011475188242811e-01
-1.883386746436071790e-01 2.960345584557380616e-01 8.094137531598949442e-02
1.959335275530642573e-01 -4.184408148075171030e-01 -1.437420253378243751e-01
-3.974719006157563794e-01 -1.281046520299208291e-01 -5.355381946375424584e-02
6.579565036245572651e-01 3.295954918993384553e-01 5.253165652601954859e-03
2.954348175460423387e-01 -2.961743155417894680e-01 -3.191899119523207706e-01
3.088621860268317421e-01 6.003723705288489809e-02 9.363653225320704709e-02
1.848468173695823891e-01 2.932898849059591417e-01 1.536419939315711858e-01
-2.043054094255270514e-01 7.235816192491723031e-02 -4.572749421962981620e-01
-6.571188389821448067e-03 2.106787042154226464e-01 2.102948286551482304e-01
-3.229552579640291299e-01 1.507636178511400915e-01 -3.626883180493843950e-01
-1.597170942024427331e-01 6.340325378634414921e-02 -2.022536308710386199e-01
1.371855070137245058e-01 -6.694851396731597848e-02 -1.029260377768100032e-01
3.215694839205376909e-01 1.309068246956582027e-01 -4.321385022645564677e-01
1.678482276148533792e-01 -9.941654004644605302e-02 -4.598203220181959483e-02
4.466221252133031894e-02 -3.918787319510834144e-01 -2.056270696551216193e-01
1.394659529416152899e-01 3.816338711463928002e-01 1.815894300516798510e-01
8.631871666902453388e-02 -8.813437251080986912e-02 8.577693283999582308e-02
9.996249765369145251e-03 -1.353890399848187067e-05 -2.469182474765559479e-02
1.055420270383689435e-01 -4.231567239549772763e-01 2.500421489822517440e-01
-2.218290691474940901e-01 -3.359317955517290288e-01 -7.317651029105328928e-03
